Time/s,Volts/V
0.0,0.04
4.001600640256103e-06,0.04
8.003201280512205e-06,0.0
1.2004801920768307e-05,0.0
1.600640256102441e-05,0.0
2.0008003201280514e-05,0.0
2.4009603841536614e-05,0.04
2.8011204481792718e-05,0.04
3.201280512204882e-05,0.0
3.6014405762304925e-05,0.04
4.001600640256103e-05,0.04
4.401760704281713e-05,0.04
4.801920768307323e-05,0.0
5.202080832332933e-05,0.0
5.6022408963585436e-05,0.0
6.002400960384154e-05,0.0
6.402561024409764e-05,0.0
6.802721088435374e-05,0.0
7.202881152460985e-05,0.04
7.603041216486595e-05,0.0
8.003201280512206e-05,0.04
8.403361344537815e-05,0.04
8.803521408563426e-05,0.04
9.203681472589036e-05,0.0
9.603841536614646e-05,0.0
0.00010004001600640257,0.0
0.00010404161664665866,0.04
0.00010804321728691477,0.04
0.00011204481792717087,0.04
0.00011604641856742698,0.04
0.00012004801920768308,0.04
0.0001240496198479392,0.0
0.00012805122048819529,0.04
0.00013205282112845138,0.04
0.00013605442176870748,0.04
0.0001400560224089636,0.0
0.0001440576230492197,0.0
0.0001480592236894758,0.0
0.0001520608243297319,0.04
0.00015606242496998802,0.04
0.00016006402561024411,0.04
0.0001640656262505002,0.04
0.0001680672268907563,0.04
0.0001720688275310124,0.04
0.00017607042817126853,0.0
0.00018007202881152462,0.0
0.00018407362945178072,0.04
0.00018807523009203682,-0.04
0.00019207683073229291,0.0
0.00019607843137254904,0.04
0.00020008003201280514,0.04
0.00020408163265306123,0.04
0.00020808323329331733,0.04
0.00021208483393357345,0.04
0.00021608643457382955,0.0
0.00022008803521408565,0.0
0.00022408963585434174,0.0
0.00022809123649459784,0.0
0.00023209283713485396,0.0
0.00023609443777511006,0.04
0.00024009603841536616,0.04
0.00024409763905562225,0.04
0.0002480992396958784,0.0
0.00025210084033613445,0.04
0.00025610244097639057,0.0
0.0002601040416166467,0.0
0.00026410564225690276,0.0
0.0002681072428971589,0.0
0.00027210884353741496,0.0
0.0002761104441776711,0.04
0.0002801120448179272,0.04
0.0002841136454581833,0.04
0.0002881152460984394,0.04
0.00029211684673869547,0.04
0.0002961184473789516,0.0
0.0003001200480192077,0.0
0.0003041216486594638,0.0
0.0003081232492997199,0.0
0.00031212484993997603,0.0
0.0003161264505802321,0.04
0.00032012805122048823,0.04
0.0003241296518607443,0.04
0.0003281312525010004,0.04
0.00033213285314125654,0.04
0.0003361344537815126,0.0
0.00034013605442176874,0.0
0.0003441376550620248,0.0
0.00034813925570228093,0.0
0.00035214085634253706,0.0
0.0003561424569827931,0.0
0.00036014405762304925,0.04
0.0003641456582633053,0.0
0.00036814725890356144,0.04
0.00037214885954381757,0.04
0.00037615046018407364,0.04
0.00038015206082432976,0.04
0.00038415366146458583,0.0
0.00038815526210484195,0.0
0.0003921568627450981,0.04
0.00039615846338535415,0.04
0.00040016006402561027,0.0
0.0004041616646658664,0.04
0.00040816326530612246,0.04
0.0004121648659463786,0.04
0.00041616646658663466,0.04
0.0004201680672268908,0.0
0.0004241696678671469,0.0
0.000428171268507403,0.0
0.0004321728691476591,0.0
0.00043617446978791517,0.04
0.0004401760704281713,0.04
0.0004441776710684274,0.04
0.0004481792717086835,0.04
0.0004521808723489396,0.04
0.0004561824729891957,0.04
0.0004601840736294518,0.0
0.0004641856742697079,0.0
0.000468187274909964,0.0
0.0004721888755502201,0.0
0.00047619047619047624,0.0
0.0004801920768307323,0.04
0.00048419367747098844,0.04
0.0004881952781112445,0.04
0.0004921968787515006,0.04
0.0004961984793917568,0.0
0.0005002000800320128,0.04
0.0005042016806722689,0.04
0.0005082032813125251,0.0
0.0005122048819527811,0.04
0.0005162064825930372,0.04
0.0005202080832332934,0.04
0.0005242096838735495,0.04
0.0005282112845138055,0.04
0.0005322128851540617,0.04
0.0005362144857943178,0.04
0.0005402160864345738,0.0
0.0005442176870748299,0.0
0.0005482192877150861,0.04
0.0005522208883553422,0.0
0.0005562224889955982,0.0
0.0005602240896358544,0.0
0.0005642256902761105,0.0
0.0005682272909163666,0.04
0.0005722288915566227,0.04
0.0005762304921968788,0.04
0.0005802320928371349,0.04
0.0005842336934773909,0.0
0.0005882352941176471,0.0
0.0005922368947579032,0.0
0.0005962384953981593,0.0
0.0006002400960384154,0.0
0.0006042416966786715,0.04
0.0006082432973189276,0.04
0.0006122448979591838,0.04
0.0006162464985994398,0.04
0.0006202480992396959,0.04
0.0006242496998799521,0.0
0.0006282513005202081,0.04
0.0006322529011604642,0.0
0.0006362545018007203,0.0
0.0006402561024409765,0.04
0.0006442577030812325,0.0
0.0006482593037214886,0.04
0.0006522609043617448,0.04
0.0006562625050020008,0.04
0.0006602641056422569,0.04
0.0006642657062825131,0.04
0.0006682673069227692,0.0
0.0006722689075630252,0.0
0.0006762705082032813,0.0
0.0006802721088435375,0.0
0.0006842737094837935,0.04
0.0006882753101240496,0.04
0.0006922769107643058,0.04
0.0006962785114045619,0.04
0.0007002801120448179,0.0
0.0007042817126850741,0.04
0.0007082833133253302,0.0
0.0007122849139655863,0.0
0.0007162865146058424,-0.04
0.0007202881152460985,0.0
0.0007242897158863546,0.04
0.0007282913165266106,0.04
0.0007322929171668668,0.04
0.0007362945178071229,0.04
0.000740296118447379,0.0
0.0007442977190876351,0.04
0.0007482993197278912,0.04
0.0007523009203681473,0.0
0.0007563025210084034,0.0
0.0007603041216486595,0.04
0.0007643057222889156,0.0
0.0007683073229291717,0.04
0.0007723089235694278,0.04
0.0007763105242096839,0.04
0.00078031212484994,0.04
0.0007843137254901962,0.04
0.0007883153261304522,0.04
0.0007923169267707083,0.0
0.0007963185274109645,0.04
0.0008003201280512205,0.0
0.0008043217286914766,0.04
0.0008083233293317328,0.0
0.0008123249299719889,0.04
0.0008163265306122449,0.04
0.000820328131252501,0.04
0.0008243297318927572,0.04
0.0008283313325330132,0.0
0.0008323329331732693,0.0
0.0008363345338135255,0.0
0.0008403361344537816,0.0
0.0008443377350940376,0.0
0.0008483393357342938,0.0
0.0008523409363745499,0.0
0.000856342537014806,0.04
0.0008603441376550621,0.04
0.0008643457382953182,0.04
0.0008683473389355743,0.04
0.0008723489395758303,0.0
0.0008763505402160865,0.0
0.0008803521408563426,0.0
0.0008843537414965987,0.0
0.0008883553421368548,0.04
0.0008923569427771109,0.04
0.000896358543417367,0.04
0.0009003601440576231,0.04
0.0009043617446978792,0.04
0.0009083633453381353,0.04
0.0009123649459783914,0.04
0.0009163665466186475,0.0
0.0009203681472589036,0.0
0.0009243697478991597,0.0
0.0009283713485394159,0.0
0.0009323729491796719,0.04
0.000936374549819928,0.04
0.0009403761504601842,0.04
0.0009443777511004402,0.04
0.0009483793517406963,0.04
0.0009523809523809525,0.0
0.0009563825530212086,0.0
0.0009603841536614646,0.0
0.0009643857543017207,0.0
0.0009683873549419769,0.0
0.0009723889555822329,0.0
0.000976390556222489,2.84
0.000980392156862745,-1.12
0.0009843937575030012,0.0
0.0009883953581432574,-2.84
0.0009923969587835135,0.76
0.0009963985594237696,-2.0
0.0010004001600640256,-0.56
0.0010044017607042817,0.04
0.0010084033613445378,-2.08
0.001012404961984794,1.12
0.0010164065626250501,-1.44
0.0010204081632653062,-0.52
0.0010244097639055623,0.52
0.0010284113645458184,-1.6
0.0010324129651860744,1.52
0.0010364145658263305,-1.04
0.0010404161664665868,-0.16
0.0010444177671068428,0.84
0.001048419367747099,-1.32
0.001052420968387355,1.84
0.001056422569027611,-0.76
0.0010604241696678671,0.16
0.0010644257703081234,1.12
0.0010684273709483795,-1.0
0.0010724289715886356,2.08
0.0010764305722288916,-0.56
0.0010804321728691477,0.32
0.0010844337735094038,1.28
0.0010884353741496598,-0.88
0.0010924369747899161,2.24
0.0010964385754301722,-0.44
0.0011004401760704283,0.52
0.0011044417767106843,1.4000000000000001
0.0011084433773509404,-0.72
0.0011124449779911965,2.2800000000000002
0.0011164465786314528,-0.4
0.0011204481792717088,0.6
0.001124449779911965,1.4000000000000001
0.001128451380552221,-0.72
0.001132452981192477,2.32
0.001136454581832733,-0.4
0.0011404561824729892,0.6
0.0011444577831132455,1.4000000000000001
0.0011484593837535015,-0.72
0.0011524609843937576,2.16
0.0011564625850340137,-0.44
0.0011604641856742697,0.48
0.0011644657863145258,1.32
0.0011684673869547819,-0.8
0.0011724689875950382,2.08
0.0011764705882352942,-0.52
0.0011804721888755503,0.48
0.0011844737895158064,1.28
0.0011884753901560624,-0.88
0.0011924769907963185,1.96
0.0011964785914365748,-0.6
0.0012004801920768309,0.32
0.001204481792717087,1.08
0.001208483393357343,-1.0
0.001212484993997599,1.84
0.0012164865946378551,-0.76
0.0012204881952781112,0.24
0.0012244897959183675,0.96
0.0012284913965586236,-1.12
0.0012324929971988796,1.76
0.0012364945978391357,-0.88
0.0012404961984793918,0.08
0.0012444977991196478,0.84
0.0012484993997599041,-1.24
0.0012525010004001602,1.6
0.0012565026010404163,-1.0
0.0012605042016806723,0.0
0.0012645058023209284,0.72
0.0012685074029611845,-1.32
0.0012725090036014406,1.52
0.0012765106042416968,-1.16
0.001280512204881953,-0.08
0.001284513805522209,0.92
0.001288515406162465,-1.4000000000000001
0.0012925170068027211,1.52
0.0012965186074429772,-1.32
0.0013005202080832335,-0.04
0.0013045218087234895,0.92
0.0013085234093637456,-1.76
0.0013125250100040017,1.6
0.0013165266106442578,-1.48
0.0013205282112845138,-0.2
0.00132452981192477,0.88
0.0013285314125650262,-1.6
0.0013325330132052822,1.24
0.0013365346138455383,-1.36
0.0013405362144857944,-0.24
0.0013445378151260505,0.76
0.0013485394157663065,-1.56
0.0013525410164065626,1.32
0.0013565426170468189,-1.48
0.001360544217687075,-0.24
0.001364545818327331,0.68
0.001368547418967587,-1.6400000000000001
0.0013725490196078432,1.32
0.0013765506202480992,-1.56
0.0013805522208883555,-0.16
0.0013845538215286116,0.64
0.0013885554221688677,-1.6400000000000001
0.0013925570228091237,1.44
0.0013965586234493798,-1.76
0.0014005602240896359,0.08
0.001404561824729892,0.32
0.0014085634253701482,-1.4000000000000001
0.0014125650260104043,1.24
0.0014165666266506604,-1.36
0.0014205682272909164,0.0
0.0014245698279311725,0.44
0.0014285714285714286,-1.36
0.0014325730292116849,1.24
0.001436574629851941,-1.24
0.001440576230492197,-0.16
0.001444577831132453,0.6
0.0014485794317727091,-1.52
0.0014525810324129652,1.36
0.0014565826330532213,-1.28
0.0014605842336934776,-0.12
0.0014645858343337336,0.64
0.0014685874349739897,-1.6
0.0014725890356142458,1.48
0.0014765906362545018,-1.44
0.001480592236894758,0.08
0.0014845938375350142,0.48
0.0014885954381752703,-1.48
0.0014925970388155263,1.4000000000000001
0.0014965986394557824,-1.36
0.0015006002400960385,0.08
0.0015046018407362945,0.44
0.0015086034413765506,-1.32
0.001512605042016807,1.36
0.001516606642657063,-1.28
0.001520608243297319,0.12
0.0015246098439375751,0.44
0.0015286114445778312,-1.28
0.0015326130452180872,1.36
0.0015366146458583433,-1.24
0.0015406162464985996,0.12
0.0015446178471388557,0.52
0.0015486194477791117,-1.48
0.0015526210484193678,1.44
0.0015566226490596239,-1.2
0.00156062424969988,0.16
0.0015646258503401362,0.52
0.0015686274509803923,-1.4000000000000001
0.0015726290516206484,1.44
0.0015766306522609044,-1.16
0.0015806322529011605,0.2
0.0015846338535414166,0.52
0.0015886354541816727,-1.32
0.001592637054821929,1.4000000000000001
0.001596638655462185,-1.0
0.001600640256102441,0.16
0.0016046418567426972,0.64
0.0016086434573829532,-1.32
0.0016126450580232093,1.44
0.0016166466586634656,-0.96
0.0016206482593037216,0.12
0.0016246498599439777,0.8
0.0016286514605842338,-1.44
0.0016326530612244899,1.6400000000000001
0.001636654661864746,-1.0
0.001640656262505002,0.24
0.0016446578631452583,0.8
0.0016486594637855144,-1.48
0.0016526610644257704,1.68
0.0016566626650660265,-1.0
0.0016606642657062826,0.24
0.0016646658663465386,0.88
0.001668667466986795,-1.48
0.001672669067627051,1.8
0.001676670668267307,-1.0
0.0016806722689075631,-0.04
0.0016846738695478192,0.88
0.0016886754701880753,-1.44
0.0016926770708283313,1.8800000000000001
0.0016966786714685876,-1.04
0.0017006802721088437,0.04
0.0017046818727490998,0.84
0.0017086834733893558,-1.32
0.001712685074029612,1.96
0.001716686674669868,-1.08
0.0017206882753101243,0.28
0.0017246898759503803,0.72
0.0017286914765906364,-1.16
0.0017326930772308925,1.92
0.0017366946778711485,-1.12
0.0017406962785114046,0.4
0.0017446978791516607,0.64
0.001748699479791917,-1.0
0.001752701080432173,1.8800000000000001
0.001756702681072429,-1.04
0.0017607042817126852,0.6
0.0017647058823529412,0.6
0.0017687074829931973,-0.96
0.0017727090836334534,1.8800000000000001
0.0017767106842737097,-1.04
0.0017807122849139657,0.56
0.0017847138855542218,0.64
0.0017887154861944779,-0.88
0.001792717086834734,1.8800000000000001
0.00179671868747499,-0.92
0.0018007202881152463,0.6
0.0018047218887555024,0.76
0.0018087234893957584,-0.92
0.0018127250900360145,1.8
0.0018167266906762706,-0.92
0.0018207282913165266,0.48
0.0018247298919567827,0.76
0.001828731492597039,-0.96
0.001832733093237295,1.84
0.0018367346938775511,-0.88
0.0018407362945178072,0.44
0.0018447378951580633,0.88
0.0018487394957983194,-0.92
0.0018527410964385756,1.68
0.0018567426970788317,-0.88
0.0018607442977190878,0.64
0.0018647458983593438,0.56
0.0018687474989996,-0.72
0.001872749099639856,1.72
0.001876750700280112,-0.88
0.0018807523009203683,0.56
0.0018847539015606244,0.52
0.0018887555022008805,-0.76
0.0018927571028411366,1.6
0.0018967587034813926,-0.92
0.0019007603041216487,0.44
0.001904761904761905,0.56
0.001908763505402161,-0.8
0.0019127651060424171,1.56
0.0019167667066826732,-0.92
0.0019207683073229293,0.4
0.0019247699079631853,0.52
0.0019287715086034414,-0.92
0.0019327731092436977,1.52
0.0019367747098839538,-0.96
0.0019407763105242098,0.32
0.0019447779111644659,0.8
0.001948779511804722,-0.96
0.001952781112444978,1.44
0.0019567827130852343,-1.04
0.00196078431372549,0.32
0.0019647859143657465,0.72
0.0019687875150060023,-0.92
0.0019727891156462586,1.4000000000000001
0.001976790716286515,-1.08
0.0019807923169267707,0.24
0.001984793917567027,0.6
0.001988795518207283,-0.84
0.001992797118847539,1.2
0.0019967987194877954,-1.04
0.0020008003201280513,0.24
0.0020048019207683076,0.48
0.0020088035214085634,-0.88
0.0020128051220488197,1.16
0.0020168067226890756,-1.08
0.002020808323329332,0.12
0.002024809923969588,0.52
0.002028811524609844,-1.0
0.0020328131252501003,1.2
0.002036814725890356,-1.16
0.0020408163265306124,0.12
0.0020448179271708683,0.52
0.0020488195278111246,-1.04
0.002052821128451381,1.16
0.0020568227290916367,-1.16
0.002060824329731893,0.08
0.002064825930372149,0.52
0.002068827531012405,-1.12
0.002072829131652661,1.2
0.0020768307322929173,-1.0
0.0020808323329331736,0.04
0.0020848339335734294,0.6
0.0020888355342136857,-1.2
0.0020928371348539416,1.24
0.002096838735494198,-1.0
0.0021008403361344537,0.0
0.00210484193677471,0.56
0.0021088435374149663,-1.24
0.002112845138055222,1.24
0.0021168467386954784,-1.04
0.0021208483393357343,0.0
0.0021248499399759905,0.6
0.002128851540616247,-1.24
0.0021328531412565027,1.32
0.002136854741896759,-1.08
0.002140856342537015,0.04
0.002144857943177271,0.6
0.002148859543817527,-1.36
0.0021528611444577832,1.4000000000000001
0.0021568627450980395,-1.2
0.0021608643457382954,0.16
0.0021648659463785517,0.56
0.0021688675470188075,-1.28
0.002172869147659064,1.44
0.0021768707482993197,-1.28
0.002180872348939576,0.28
0.0021848739495798322,0.44
0.002188875550220088,-1.24
0.0021928771508603444,1.44
0.0021968787515006002,-1.36
0.0022008803521408565,0.4
0.0022048819527811124,0.28
0.0022088835534213687,-1.24
0.002212885154061625,1.4000000000000001
0.002216886754701881,-1.32
0.002220888355342137,0.52
0.002224889955982393,0.2
0.0022288915566226492,-1.16
0.0022328931572629055,1.32
0.0022368947579031614,-1.4000000000000001
0.0022408963585434176,0.68
0.0022448979591836735,0.0
0.00224889955982393,-0.96
0.0022529011604641856,1.24
0.002256902761104442,-1.32
0.002260904361744698,0.68
0.002264905962384954,-0.04
0.0022689075630252103,-0.8
0.002272909163665466,1.04
0.0022769107643057225,-1.12
0.0022809123649459783,0.64
0.0022849139655862346,-0.08
0.002288915566226491,-0.64
0.0022929171668667468,0.92
0.002296918767507003,-1.0
0.002300920368147259,0.56
0.002304921968787515,-0.08
0.002308923569427771,-0.6
0.0023129251700680273,0.88
0.0023169267707082836,-0.96
0.0023209283713485395,0.56
0.0023249299719887958,-0.04
0.0023289315726290516,-0.52
0.002332933173269308,0.84
0.0023369347739095638,-0.84
0.00234093637454982,0.32
0.0023449379751900763,-0.04
0.002348939575830332,-0.48
0.0023529411764705885,0.68
0.0023569427771108443,-0.64
0.0023609443777511006,0.16
0.002364945978391357,0.08
0.0023689475790316127,-0.44
0.002372949179671869,1.0
0.002376950780312125,-0.6
0.002380952380952381,-0.44
0.002384953981592637,0.44
0.0023889555822328933,-0.48
0.0023929571828731496,0.56
0.0023969587835134054,-0.24
0.0024009603841536617,-0.2
0.0024049619847939176,0.4
0.002408963585434174,-0.48
0.0024129651860744297,0.6
0.002416966786714686,-0.2
0.0024209683873549423,-0.44
0.002424969987995198,0.72
0.0024289715886354544,-0.88
0.0024329731892757103,0.92
0.0024369747899159666,-0.44
0.0024409763905562224,-0.4
0.0024449779911964787,0.76
0.002448979591836735,-1.16
0.002452981192476991,1.24
0.002456982793117247,-0.6
0.002460984393757503,-0.28
0.0024649859943977593,0.76
0.002468987595038015,-1.16
0.0024729891956782714,1.16
0.0024769907963185277,-0.88
0.0024809923969587836,0.04
0.00248499399759904,0.48
0.0024889955982392957,-1.08
0.002492997198879552,1.36
0.0024969987995198083,-1.08
0.002501000400160064,0.16
0.0025050020008003204,0.44
0.0025090036014405763,-0.92
0.0025130052020808325,1.2
0.0025170068027210884,-0.88
0.0025210084033613447,0.12
0.002525010004001601,0.48
0.002529011604641857,-0.84
0.002533013205282113,1.2
0.002537014805922369,-0.76
0.0025410164065626253,0.04
0.002545018007202881,0.56
0.0025490196078431374,-0.88
0.0025530212084833937,1.16
0.0025570228091236495,-0.72
0.002561024409763906,0.04
0.0025650260104041617,0.6
0.002569027611044418,-0.88
0.002573029211684674,1.16
0.00257703081232493,-0.68
0.0025810324129651864,0.0
0.0025850340136054422,0.64
0.0025890356142456985,-0.88
0.0025930372148859544,1.12
0.0025970388155262107,-0.68
0.002601040416166467,-0.04
0.002605042016806723,0.92
0.002609043617446979,-0.92
0.002613045218087235,1.16
0.0026170468187274912,-0.68
0.002621048419367747,-0.04
0.0026250500200080034,0.88
0.0026290516206482597,-0.92
0.0026330532212885155,1.12
0.002637054821928772,-0.76
0.0026410564225690276,0.0
0.002645058023209284,0.84
0.00264905962384954,-0.92
0.002653061224489796,1.2
0.0026570628251300524,-0.68
0.002661064425770308,-0.04
0.0026650660264105645,0.88
0.0026690676270508203,-0.92
0.0026730692276910766,1.16
0.0026770708283313325,-0.72
0.0026810724289715888,-0.04
0.002685074029611845,0.88
0.002689075630252101,-0.92
0.002693077230892357,1.12
0.002697078831532613,-0.64
0.0027010804321728693,-0.08
0.002705082032813125,0.92
0.0027090836334533815,-0.92
0.0027130852340936378,1.08
0.0027170868347338936,-0.64
0.00272108843537415,-0.16
0.0027250900360144058,0.92
0.002729091636654662,-0.92
0.0027330932372949183,1.04
0.002737094837935174,-0.36
0.0027410964385754305,-0.2
0.0027450980392156863,0.88
0.0027490996398559426,-0.92
0.0027531012404961985,1.0
0.0027571028411364547,-0.32
0.002761104441776711,-0.28
0.002765106042416967,0.88
0.002769107643057223,-0.92
0.002773109243697479,0.96
0.0027771108443377353,-0.28
0.002781112444977991,-0.36
0.0027851140456182475,1.16
0.0027891156462585037,-1.04
0.0027931172468987596,0.84
0.002797118847539016,-0.04
0.0028011204481792717,-0.48
0.002805122048819528,0.92
0.002809123649459784,-0.88
0.00281312525010004,0.72
0.0028171268507402964,-0.04
0.0028211284513805523,-0.52
0.0028251300520208086,1.0
0.0028291316526610644,-0.96
0.0028331332533013207,0.84
0.002837134853941577,-0.08
0.002841136454581833,-0.52
0.002845138055222089,1.08
0.002849139655862345,-1.12
0.0028531412565026013,0.88
0.002857142857142857,-0.08
0.0028611444577831134,-0.56
0.0028651460584233697,1.12
0.0028691476590636256,-1.08
0.002873149259703882,0.92
0.0028771508603441377,-0.12
0.002881152460984394,-0.56
0.00288515406162465,1.12
0.002889155662264906,-1.12
0.0028931572629051624,0.92
0.0028971588635454183,-0.04
0.0029011604641856746,-0.6
0.0029051620648259304,1.12
0.0029091636654661867,-1.04
0.0029131652661064425,0.92
0.002917166866746699,-0.12
0.002921168467386955,-0.6
0.002925170068027211,1.16
0.0029291716686674673,-1.2
0.002933173269307723,1.0
0.0029371748699479794,-0.08
0.0029411764705882353,-0.64
0.0029451780712284915,1.28
0.002949179671868748,-1.2
0.0029531812725090037,1.04
0.00295718287314926,-0.04
0.002961184473789516,-0.76
0.002965186074429772,1.44
0.0029691876750700284,-1.36
0.0029731892757102842,1.08
0.0029771908763505405,-0.04
0.0029811924769907964,-0.8
0.0029851940776310527,1.56
0.0029891956782713085,-1.48
0.002993197278911565,1.24
0.002997198879551821,-0.08
0.003001200480192077,-1.16
0.0030052020808323332,1.56
0.003009203681472589,-1.6
0.0030132052821128454,1.32
0.0030172068827531012,-0.16
0.0030212084833933575,-1.2
0.003025210084033614,1.6400000000000001
0.0030292116846738697,-1.68
0.003033213285314126,1.44
0.003037214885954382,-0.24
0.003041216486594638,-1.16
0.003045218087234894,1.68
0.0030492196878751502,-1.84
0.0030532212885154065,1.6
0.0030572228891556624,-0.4
0.0030612244897959186,-1.04
0.0030652260904361745,1.68
0.0030692276910764308,-1.84
0.0030732292917166866,1.68
0.003077230892356943,-0.48
0.003081232492997199,-0.96
0.003085234093637455,1.6
0.0030892356942777113,-1.84
0.003093237294917967,1.68
0.0030972388955582235,-0.56
0.0031012404961984798,-0.96
0.0031052420968387356,1.68
0.003109243697478992,-1.96
0.0031132452981192478,1.8
0.003117246898759504,-0.52
0.00312124849939976,-1.0
0.003125250100040016,1.68
0.0031292517006802725,-2.0
0.0031332533013205283,1.4000000000000001
0.0031372549019607846,-0.52
0.0031412565026010405,-0.96
0.0031452581032412968,1.6400000000000001
0.0031492597038815526,-1.8800000000000001
0.003153261304521809,1.44
0.003157262905162065,-0.56
0.003161264505802321,-0.92
0.0031652661064425773,1.6400000000000001
0.003169267707082833,-1.96
0.0031732693077230895,1.48
0.0031772709083633453,-0.64
0.0031812725090036016,-0.88
0.003185274109643858,1.68
0.0031892757102841137,-2.0
0.00319327731092437,1.56
0.003197278911564626,-0.68
0.003201280512204882,-0.84
0.0032052821128451385,1.6
0.0032092837134853943,-1.96
0.0032132853141256506,1.56
0.0032172869147659064,-0.68
0.0032212885154061627,-0.8
0.0032252901160464186,1.6
0.003229291716686675,-1.92
0.003233293317326931,1.6
0.003237294917967187,-0.72
0.0032412965186074433,-0.76
0.003245298119247699,1.48
0.0032492997198879554,-1.92
0.0032533013205282113,1.6400000000000001
0.0032573029211684676,-0.8
0.003261304521808724,-0.68
0.0032653061224489797,1.8800000000000001
0.003269307723089236,-1.8800000000000001
0.003273309323729492,1.68
0.003277310924369748,-0.88
0.003281312525010004,-0.52
0.0032853141256502603,1.72
0.0032893157262905166,-1.84
0.0032933173269307724,1.68
0.0032973189275710287,-0.88
0.0033013205282112846,-0.52
0.003305322128851541,1.72
0.0033093237294917967,-1.76
0.003313325330132053,1.72
0.0033173269307723093,-0.84
0.003321328531412565,-0.52
0.0033253301320528214,1.72
0.0033293317326930773,-1.8
0.0033333333333333335,1.6400000000000001
0.00333733493397359,-0.88
0.0033413365346138457,-0.52
0.003345338135254102,1.72
0.003349339735894358,-1.8
0.003353341336534614,1.68
0.00335734293717487,-0.88
0.0033613445378151263,-0.48
0.0033653461384553825,1.68
0.0033693477390956384,-1.68
0.0033733493397358947,1.48
0.0033773509403761505,-0.68
0.003381352541016407,-0.6
0.0033853541416566627,1.6400000000000001
0.003389355742296919,-1.68
0.0033933573429371752,1.44
0.003397358943577431,-0.24
0.0034013605442176874,-0.56
0.0034053621448579432,1.6
0.0034093637454981995,-1.6400000000000001
0.0034133653461384554,1.44
0.0034173669467787117,-0.28
0.003421368547418968,-0.68
0.003425370148059224,1.6400000000000001
0.00342937174869948,-1.6400000000000001
0.003433373349339736,1.48
0.0034373749499799922,-0.28
0.0034413765506202485,-0.6
0.0034453781512605044,1.68
0.0034493797519007607,-1.72
0.0034533813525410165,1.52
0.003457382953181273,-0.32
0.0034613845538215286,-0.68
0.003465386154461785,1.68
0.003469387755102041,-1.8
0.003473389355742297,1.36
0.0034773909563825534,-0.12
0.003481392557022809,-0.8
0.0034853941576630655,1.72
0.0034893957583033213,-1.72
0.0034933973589435776,1.4000000000000001
0.003497398959583834,-0.24
0.0035014005602240898,-0.72
0.003505402160864346,1.68
0.003509403761504602,-1.8
0.003513405362144858,1.48
0.003517406962785114,-0.24
0.0035214085634253703,-0.76
0.0035254101640656266,1.76
0.0035294117647058825,-1.8800000000000001
0.0035334133653461388,1.6
0.0035374149659863946,-0.36
0.003541416566626651,-0.76
0.0035454181672669068,1.8
0.003549419767907163,-2.0
0.0035534213685474193,1.6400000000000001
0.003557422969187675,-0.36
0.0035614245698279315,-0.76
0.0035654261704681873,1.8800000000000001
0.0035694277711084436,-2.12
0.0035734293717487,1.8
0.0035774309723889557,-0.48
0.003581432573029212,-0.72
0.003585434173669468,1.8800000000000001
0.003589435774309724,-2.16
0.00359343737494998,1.84
0.0035974389755902363,-0.56
0.0036014405762304926,-0.68
0.0036054421768707485,1.92
0.0036094437775110047,-2.2800000000000002
0.0036134453781512606,1.96
0.003617446978791517,-0.6
0.0036214485794317727,-0.64
0.003625450180072029,1.92
0.0036294517807122853,-2.4
0.003633453381352541,2.08
0.0036374549819927974,-0.68
0.0036414565826330533,-0.6
0.0036454581832733096,1.92
0.0036494597839135654,-2.36
0.0036534613845538217,2.12
0.003657462985194078,-0.84
0.003661464585834334,-1.16
0.00366546618647459,1.8800000000000001
0.003669467787114846,-2.44
0.0036734693877551023,2.24
0.0036774709883953586,-0.96
0.0036814725890356144,-1.0
0.0036854741896758707,1.92
0.0036894757903161266,-2.56
0.003693477390956383,2.4
0.0036974789915966387,-1.12
0.003701480592236895,-0.96
0.0037054821928771513,1.8800000000000001
0.003709483793517407,-2.56
0.0037134853941576634,2.48
0.0037174869947979193,-1.2
0.0037214885954381756,-0.72
0.0037254901960784314,1.76
0.0037294917967186877,-2.64
0.003733493397358944,2.64
0.0037374949979992,-1.36
0.003741496598639456,-0.68
0.003745498199279712,1.68
0.0037494997999199683,-2.6
0.003753501400560224,2.68
0.0037575030012004804,-1.52
0.0037615046018407367,-0.48
0.0037655062024809925,1.6
0.003769507803121249,-2.52
0.0037735094037615047,2.72
0.003777511004401761,-1.6400000000000001
0.003781512605042017,-0.28
0.003785514205682273,1.36
0.0037895158063225294,-2.36
0.0037935174069627852,2.44
0.0037975190076030415,-1.68
0.0038015206082432974,-0.16
0.0038055222088835537,1.4000000000000001
0.00380952380952381,-2.24
0.003813525410164066,2.16
0.003817527010804322,-1.32
0.003821528611444578,-0.36
0.0038255302120848342,1.4000000000000001
0.00382953181272509,-2.16
0.0038335334133653464,2.12
0.0038375350140056027,-1.32
0.0038415366146458585,-0.28
0.003845538215286115,1.32
0.0038495398159263707,-2.08
0.003853541416566627,2.16
0.003857543017206883,-1.36
0.003861544617847139,-0.2
0.0038655462184873954,1.2
0.003869547819127651,-2.0
0.0038735494197679075,2.08
0.0038775510204081634,-1.32
0.0038815526210484196,-0.24
0.0038855542216886755,1.24
0.0038895558223289318,-1.8800000000000001
0.003893557422969188,1.96
0.003897559023609444,-1.16
0.0039015606242497,-0.36
0.003905562224889956,1.28
0.003909563825530212,-1.96
0.003913565426170469,1.8800000000000001
0.003917567026810725,-1.12
0.00392156862745098,-0.4
0.003925570228091237,1.8
0.003929571828731493,-1.8800000000000001
0.003933573429371749,1.84
0.003937575030012005,-1.04
0.003941576630652261,-0.44
0.003945578231292517,1.76
0.0039495798319327735,-1.92
0.00395358143257303,1.8
0.003957583033213285,-1.04
0.0039615846338535415,-0.56
0.003965586234493798,1.84
0.003969587835134054,-2.0
0.00397358943577431,1.8
0.003977591036414566,-1.0
0.003981592637054822,-0.64
0.003985594237695078,1.92
0.003989595838335335,-2.12
0.003993597438975591,1.8
0.003997599039615846,-1.04
0.004001600640256103,-0.6
0.004005602240896359,1.84
0.004009603841536615,-2.08
0.004013605442176871,2.0
0.004017607042817127,-1.28
0.004021608643457383,-0.48
0.0040256102440976394,1.8800000000000001
0.004029611844737896,-2.2
0.004033613445378151,2.0
0.0040376150460184074,-1.28
0.004041616646658664,-0.52
0.00404561824729892,1.92
0.004049619847939176,-2.32
0.004053621448579432,2.2
0.004057623049219688,-0.84
0.004061624649859944,-0.52
0.004065626250500201,2.04
0.004069627851140456,-2.52
0.004073629451780712,2.2800000000000002
0.004077631052420969,-0.92
0.004081632653061225,-0.48
0.004085634253701481,2.04
0.0040896358543417366,-2.56
0.004093637454981993,2.48
0.004097639055622249,-1.12
0.004101640656262505,-0.36
0.004105642256902762,2.0
0.004109643857543017,-2.64
0.004113645458183273,2.64
0.00411764705882353,-1.32
0.004121648659463786,-0.2
0.004125650260104042,2.0
0.004129651860744298,-2.68
0.004133653461384554,2.8000000000000003
0.00413765506202481,-1.44
0.0041416566626650666,-0.04
0.004145658263305322,1.92
0.004149659863945578,-2.68
0.0041536614645858345,2.88
0.004157663065226091,-1.56
0.004161664665866347,0.04
0.0041656662665066025,1.8800000000000001
0.004169667867146859,-2.6
0.004173669467787115,2.88
0.004177671068427371,-1.6
0.004181672669067628,0.12
0.004185674269707883,1.8800000000000001
0.004189675870348139,-2.92
0.004193677470988396,3.0
0.004197679071628652,-1.72
0.004201680672268907,0.24
0.004205682272909164,1.8
0.00420968387354942,-2.88
0.004213685474189676,3.08
0.0042176870748299325,-1.8800000000000001
0.004221688675470188,0.48
0.004225690276110444,1.6
0.0042296918767507005,-2.7600000000000002
0.004233693477390957,3.04
0.004237695078031213,-1.96
0.0042416966786714685,0.64
0.004245698279311725,1.36
0.004249699879951981,-2.56
0.004253701480592237,2.92
0.004257703081232494,-1.96
0.004261704681872749,0.84
0.004265706282513005,1.16
0.004269707883153262,-2.48
0.004273709483793518,2.92
0.004277711084433773,-1.8800000000000001
0.00428171268507403,0.68
0.004285714285714286,1.24
0.004289715886354542,-2.36
0.0042937174869947985,2.88
0.004297719087635054,-1.96
0.00430172068827531,0.88
0.0043057222889155665,1.12
0.004309723889555823,-2.24
0.004313725490196079,2.7600000000000002
0.0043177270908363345,-2.04
0.004321728691476591,0.36
0.004325730292116847,0.84
0.004329731892757103,-2.04
0.004333733493397359,2.72
0.004337735094037615,-1.92
0.004341736694677871,0.44
0.004345738295318128,0.72
0.004349739895958384,-1.84
0.004353741496598639,2.48
0.004357743097238896,-1.8800000000000001
0.004361744697879152,0.52
0.004365746298519408,0.6
0.0043697478991596645,-1.6
0.00437374949979992,2.32
0.004377751100440176,-1.76
0.0043817527010804325,0.52
0.004385754301720689,0.52
0.004389755902360945,-1.52
0.0043937575030012005,2.24
0.004397759103641457,-1.72
0.004401760704281713,0.48
0.004405762304921969,0.48
0.004409763905562225,-1.36
0.004413765506202481,2.0
0.004417767106842737,-1.48
0.004421768707482994,0.44
0.00442577030812325,0.44
0.004429771908763505,-1.28
0.004433773509403762,1.84
0.004437775110044018,-1.4000000000000001
0.004441776710684274,0.36
0.0044457783113245304,0.48
0.004449779911964786,-1.24
0.004453781512605042,1.6400000000000001
0.0044577831132452984,-1.24
0.004461784713885555,0.24
0.004465786314525811,0.52
0.004469787915166066,-1.24
0.004473789515806323,1.56
0.004477791116446579,-1.16
0.004481792717086835,0.12
0.004485794317727091,0.6
0.004489795918367347,-1.28
0.004493797519007603,1.52
0.00449779911964786,-1.08
0.004501800720288116,0.0
0.004505802320928371,0.64
0.0045098039215686276,-1.32
0.004513805522208884,1.44
0.00451780712284914,-1.08
0.004521808723489396,-0.08
0.004525810324129652,0.64
0.004529811924769908,-1.32
0.004533813525410164,1.48
0.004537815126050421,-1.12
0.004541816726690676,0.0
0.004545818327330932,0.64
0.004549819927971189,-1.36
0.004553821528611445,1.48
0.004557823129251701,-1.08
0.004561824729891957,-0.12
0.004565826330532213,0.68
0.004569827931172469,-1.4000000000000001
0.0045738295318127255,1.44
0.004577831132452982,-1.04
0.004581832733093237,-0.12
0.0045858343337334935,1.12
0.00458983593437375,-1.4000000000000001
0.004593837535014006,1.4000000000000001
0.004597839135654262,-1.0
0.004601840736294518,-0.2
0.004605842336934774,1.08
0.00460984393757503,-1.32
0.004613845538215287,1.32
0.004617847138855542,-0.92
0.004621848739495798,-0.32
0.004625850340136055,1.16
0.004629851940776311,-1.44
0.004633853541416567,1.36
0.004637855142056823,-0.92
0.004641856742697079,-0.44
0.004645858343337335,1.28
0.0046498599439775915,-1.52
0.004653861544617848,1.28
0.004657863145258103,-0.84
0.0046618647458983595,-0.48
0.004665866346538616,1.32
0.004669867947178872,-1.44
0.0046738695478191275,1.24
0.004677871148459384,-0.72
0.00468187274909964,-0.56
0.004685874349739896,1.36
0.004689875950380153,-1.48
0.004693877551020408,1.32
0.004697879151660664,-0.84
0.004701880752300921,-0.56
0.004705882352941177,1.56
0.004709883953581433,-1.76
0.004713885554221689,1.44
0.004717887154861945,-0.4
0.004721888755502201,-0.68
0.0047258903561424575,1.56
0.004729891956782714,-1.8
0.004733893557422969,1.44
0.0047378951580632255,-0.44
0.004741896758703482,-0.6
0.004745898359343738,1.56
0.0047498999599839935,-1.76
0.00475390156062425,1.44
0.004757903161264506,-0.4
0.004761904761904762,-0.64
0.004765906362545019,1.6
0.004769907963185274,-1.76
0.00477390956382553,1.48
0.004777911164465787,-0.36
0.004781912765106043,-0.68
0.004785914365746299,1.72
0.004789915966386555,-1.8
0.004793917567026811,1.56
0.004797919167667067,-0.4
0.0048019207683073235,-0.64
0.004805922368947579,1.6400000000000001
0.004809923969587835,-1.8800000000000001
0.0048139255702280915,1.6
0.004817927170868348,-0.48
0.004821928771508604,-0.64
0.0048259303721488594,1.76
0.004829931972789116,-1.8800000000000001
0.004833933573429372,1.6
0.004837935174069628,-0.32
0.004841936774709885,-0.68
0.00484593837535014,1.8
0.004849939975990396,-1.92
0.004853941576630653,1.6
0.004857943177270909,-0.48
0.004861944777911165,-0.52
0.004865946378551421,1.6400000000000001
0.004869947979191677,-1.8
0.004873949579831933,1.68
0.0048779511804721894,-0.44
0.004881952781112445,-0.6
0.004885954381752701,1.76
0.004889955982392957,-1.8800000000000001
0.004893957583033214,1.68
0.00489795918367347,-0.44
0.004901960784313725,-0.6
0.004905962384953982,1.76
0.004909963985594238,-1.8800000000000001
0.004913965586234494,1.68
0.004917967186874751,-0.32
0.004921968787515006,-0.52
0.004925970388155262,1.6
0.0049299719887955186,-1.76
0.004933973589435775,1.6400000000000001
0.00493797519007603,-0.52
0.0049419767907162866,-0.24
0.004945978391356543,1.24
0.004949979991996799,-2.08
0.004953981592637055,2.2
0.004957983193277311,-1.08
0.004961984793917567,-0.04
0.004965986394557823,1.48
0.00496998799519808,-2.12
0.004973989595838336,2.16
0.004977991196478591,-3.64
0.004981992797118848,2.12
0.004985994397759104,1.2
0.00498999599839936,1.12
0.0049939975990396165,1.4000000000000001
0.004997999199679872,0.92
0.005002000800320128,0.88
0.0050060024009603845,1.0
0.005010004001600641,0.56
0.005014005602240896,0.96
0.0050180072028811525,-0.08
0.005022008803521409,0.72
0.005026010404161665,0.44
0.005030012004801921,-0.28
0.005034013605442177,0.8
0.005038015206082433,-0.48
0.005042016806722689,0.36
0.005046018407362946,-0.08
0.005050020008003202,-0.44
0.005054021608643457,0.28
0.005058023209283714,-0.72
0.00506202480992397,0.08
0.005066026410564226,-0.52
0.0050700280112044825,-0.44
0.005074029611844738,-0.2
0.005078031212484994,-0.76
0.0050820328131252505,-0.2
0.005086034413765507,-0.72
0.005090036014405762,-0.56
0.0050940376150460185,-0.4
0.005098039215686275,-0.92
0.005102040816326531,-0.4
0.005106042416966787,-0.84
0.005110044017607043,-0.68
0.005114045618247299,-0.48
0.005118047218887555,-0.84
0.005122048819527812,-0.6
0.005126050420168068,-0.68
0.005130052020808323,-0.88
0.00513405362144858,-0.56
0.005138055222088836,-0.84
0.005142056822729092,-0.76
0.005146058423369348,-0.52
0.005150060024009604,-0.96
0.00515406162464986,-0.48
0.0051580632252901165,-0.8
0.005162064825930373,-0.76
0.005166066426570628,-0.44
0.0051700680272108845,-0.92
0.005174069627851141,-0.36
0.005178071228491397,-0.8
0.005182072829131653,-0.68
0.005186074429771909,-0.36
0.005190076030412165,-0.92
0.005194077631052421,-0.16
0.005198079231692678,-0.68
0.005202080832332934,-0.44
0.005206082432973189,-0.36
0.005210084033613446,-0.56
0.005214085634253702,-0.24
0.005218087234893958,-0.52
0.005222088835534214,-0.36
0.00522609043617447,-0.24
0.005230092036814726,-0.44
0.0052340936374549825,-0.12
0.005238095238095239,-0.24
0.005242096838735494,-0.24
0.0052460984393757504,-0.04
0.005250100040016007,-0.32
0.005254101640656263,0.12
0.005258103241296519,-0.28
0.005262104841936775,-0.08
0.005266106442577031,0.16
0.005270108043217287,-0.28
0.005274109643857544,0.2
0.005278111244497799,0.0
0.005282112845138055,-0.08
0.005286114445778312,0.4
0.005290116046418568,0.0
0.005294117647058824,-0.36
0.00529811924769908,0.72
0.005302120848339336,-0.24
0.005306122448979592,0.28
0.005310124049619848,0.2
0.005314125650260105,0.2
0.00531812725090036,0.2
0.005322128851540616,0.32
0.005326130452180873,0.28
0.005330132052821129,0.32
0.005334133653461385,0.32
0.005338135254101641,0.24
0.005342136854741897,0.36
0.005346138455382153,0.32
0.0053501400560224096,0.32
0.005354141656662665,0.4
0.005358143257302921,0.32
0.0053621448579431776,0.44
0.005366146458583434,0.36
0.00537014805922369,0.4
0.0053741496598639455,0.4
0.005378151260504202,0.36
0.005382152861144458,0.48
0.005386154461784714,0.32
0.005390156062424971,0.44
0.005394157663065226,0.4
0.005398159263705482,0.36
0.005402160864345739,0.48
0.005406162464985995,0.36
0.00541016406562625,0.48
0.005414165666266507,0.44
0.005418167266906763,0.44
0.005422168867547019,0.44
0.0054261704681872755,0.36
0.005430172068827531,0.48
0.005434173669467787,0.32
0.0054381752701080435,0.44
0.0054421768707483,0.48
0.005446178471388556,0.36
0.0054501800720288115,0.48
0.005454181672669068,0.36
0.005458183273309324,0.44
0.00546218487394958,0.44
0.005466186474589837,0.36
0.005470188075230092,0.48
0.005474189675870348,0.32
0.005478191276510605,0.4
0.005482192877150861,0.4
0.005486194477791116,0.32
0.005490196078431373,0.52
0.005494197679071629,0.36
0.005498199279711885,0.4
0.0055022008803521415,0.36
0.005506202480992397,0.32
0.005510204081632653,0.44
0.0055142056822729095,0.32
0.005518207282913166,0.4
0.005522208883553422,0.36
0.0055262104841936775,0.36
0.005530212084833934,0.4
0.00553421368547419,0.32
0.005538215286114446,0.36
0.005542216886754702,0.32
0.005546218487394958,0.28
0.005550220088035214,0.32
0.005554221688675471,0.28
0.005558223289315727,0.32
0.005562224889955982,0.28
0.005566226490596239,0.28
0.005570228091236495,0.32
0.005574229691876751,0.28
0.0055782312925170075,0.24
0.005582232893157263,0.28
0.005586234493797519,0.2
0.0055902360944377755,0.24
0.005594237695078032,0.2
0.005598239295718288,0.2
0.0056022408963585435,0.24
0.0056062424969988,0.12
0.005610244097639056,0.24
0.005614245698279312,0.16
0.005618247298919568,0.16
0.005622248899559824,0.16
0.00562625050020008,0.08
0.005630252100840337,0.08
0.005634253701480593,0.08
0.005638255302120848,0.08
0.005642256902761105,0.04
0.005646258503401361,0.08
0.005650260104041617,0.04
0.0056542617046818735,0.04
0.005658263305322129,0.0
0.005662264905962385,-0.04
0.0056662665066026414,0.0
0.005670268107242898,-0.12
0.005674269707883154,-0.08
0.0056782713085234094,-0.08
0.005682272909163666,-0.12
0.005686274509803922,-0.08
0.005690276110444178,-0.08
0.005694277711084434,-0.12
0.00569827931172469,-0.16
0.005702280912364946,-0.16
0.005706282513005203,-0.16
0.005710284113645459,-0.24
0.005714285714285714,-0.24
0.005718287314925971,-0.2
0.005722288915566227,-0.24
0.005726290516206483,-0.24
0.005730292116846739,-0.24
0.005734293717486995,-0.28
0.005738295318127251,-0.28
0.005742296918767507,-0.28
0.005746298519407764,-0.32
0.005750300120048019,-0.28
0.005754301720688275,-0.32
0.005758303321328532,-0.32
0.005762304921968788,-0.32
0.005766306522609044,-0.4
0.0057703081232493,-0.36
0.005774309723889556,-0.36
0.005778311324529812,-0.36
0.0057823129251700685,-0.36
0.005786314525810325,-0.4
0.00579031612645058,-0.4
0.0057943177270908365,-0.44
0.005798319327731093,-0.44
0.005802320928371349,-0.44
0.005806322529011605,-0.44
0.005810324129651861,-0.4
0.005814325730292117,-0.4
0.005818327330932373,-0.44
0.00582232893157263,-0.4
0.005826330532212885,-0.44
0.005830332132853141,-0.44
0.005834333733493398,-0.44
0.005838335334133654,-0.44
0.00584233693477391,-0.44
0.005846338535414166,-0.44
0.005850340136054422,-0.44
0.005854341736694678,-0.4
0.0058583433373349345,-0.4
0.005862344937975191,-0.4
0.005866346538615446,-0.4
0.0058703481392557025,-0.4
0.005874349739895959,-0.4
0.005878351340536215,-0.4
0.0058823529411764705,-0.36
0.005886354541816727,-0.36
0.005890356142456983,-0.36
0.005894357743097239,-0.32
0.005898359343737496,-0.32
0.005902360944377751,-0.28
0.005906362545018007,-0.32
0.005910364145658264,-0.28
0.00591436574629852,-0.28
0.005918367346938776,-0.24
0.005922368947579032,-0.24
0.005926370548219288,-0.24
0.005930372148859544,-0.2
0.0059343737494998005,-0.2
0.005938375350140057,-0.16
0.005942376950780312,-0.12
0.0059463785514205685,-0.16
0.005950380152060825,-0.12
0.005954381752701081,-0.12
0.0059583833533413365,-0.12
0.005962384953981593,-0.08
0.005966386554621849,-0.08
0.005970388155262105,-0.08
0.005974389755902362,-0.08
0.005978391356542617,0.0
0.005982392957182873,0.04
0.00598639455782313,0.0
0.005990396158463386,0.04
0.005994397759103642,0.04
0.005998399359743898,0.08
0.006002400960384154,0.08
0.00600640256102441,0.08
0.0060104041616646665,0.08
0.006014405762304922,0.12
0.006018407362945178,0.12
0.0060224089635854345,0.16
0.006026410564225691,0.12
0.006030412164865947,0.16
0.0060344137655062025,0.16
0.006038415366146459,0.12
0.006042416966786715,0.16
0.006046418567426971,0.16
0.006050420168067228,0.2
0.006054421768707483,0.24
0.006058423369347739,0.24
0.006062424969987996,0.24
0.006066426570628252,0.24
0.006070428171268508,0.24
0.006074429771908764,0.24
0.00607843137254902,0.24
0.006082432973189276,0.24
0.0060864345738295324,0.24
0.006090436174469788,0.24
0.006094437775110044,0.24
0.0060984393757503004,0.28
0.006102440976390557,0.28
0.006106442577030813,0.28
0.006110444177671068,0.28
0.006114445778311325,0.28
0.006118447378951581,0.24
0.006122448979591837,0.28
0.006126450580232094,0.28
0.006130452180872349,0.28
0.006134453781512605,0.28
0.0061384553821528616,0.28
0.006142456982793118,0.32
0.006146458583433373,0.28
0.0061504601840736296,0.28
0.006154461784713886,0.28
0.006158463385354142,0.24
0.006162464985994398,0.28
0.006166466586634654,0.28
0.00617046818727491,0.28
0.006174469787915166,0.24
0.006178471388555423,0.28
0.006182472989195679,0.28
0.006186474589835934,0.28
0.006190476190476191,0.28
0.006194477791116447,0.28
0.006198479391756703,0.24
0.0062024809923969595,0.24
0.006206482593037215,0.2
0.006210484193677471,0.24
0.0062144857943177275,0.24
0.006218487394957984,0.24
0.006222488995598239,0.24
0.0062264905962384955,0.24
0.006230492196878752,0.28
0.006234493797519008,0.24
0.006238495398159264,0.24
0.00624249699879952,0.24
0.006246498599439776,0.2
0.006250500200080032,0.24
0.006254501800720289,0.2
0.006258503401360545,0.2
0.0062625050020008,0.2
0.006266506602641057,0.2
0.006270508203281313,0.2
0.006274509803921569,0.2
0.0062785114045618255,0.2
0.006282513005202081,0.2
0.006286514605842337,0.2
0.0062905162064825935,0.16
0.00629451780712285,0.16
0.006298519407763105,0.2
0.0063025210084033615,0.16
0.006306522609043618,0.16
0.006310524209683874,0.16
0.00631452581032413,0.2
0.006318527410964386,0.12
0.006322529011604642,0.12
0.006326530612244898,0.12
0.006330532212885155,0.12
0.006334533813525411,0.08
0.006338535414165666,0.12
0.006342537014805923,0.12
0.006346538615446179,0.12
0.006350540216086435,0.12
0.006354541816726691,0.12
0.006358543417366947,0.12
0.006362545018007203,0.08
0.0063665466186474595,0.04
0.006370548219287716,0.04
0.006374549819927971,0.04
0.0063785514205682275,0.04
0.006382553021208484,0.04
0.00638655462184874,0.04
0.006390556222488996,0.04
0.006394557823129252,0.0
0.006398559423769508,0.0
0.006402561024409764,0.0
0.006406562625050021,0.0
0.006410564225690277,-0.04
0.006414565826330532,-0.04
0.006418567426970789,0.0
0.006422569027611045,-0.04
0.006426570628251301,-0.04
0.006430572228891557,0.0
0.006434573829531813,-0.04
0.006438575430172069,-0.04
0.0064425770308123255,-0.04
0.006446578631452582,-0.08
0.006450580232092837,-0.08
0.0064545818327330935,-0.08
0.00645858343337335,-0.12
0.006462585034013606,-0.08
0.006466586634653862,-0.08
0.006470588235294118,-0.08
0.006474589835934374,-0.08
0.00647859143657463,-0.12
0.006482593037214887,-0.12
0.006486594637855142,-0.16
0.006490596238495398,-0.16
0.006494597839135655,-0.12
0.006498599439775911,-0.16
0.006502601040416167,-0.12
0.006506602641056423,-0.12
0.006510604241696679,-0.12
0.006514605842336935,-0.16
0.0065186074429771914,-0.12
0.006522609043617448,-0.16
0.006526610644257703,-0.2
0.006530612244897959,-0.16
0.006534613845538216,-0.2
0.006538615446178472,-0.16
0.006542617046818728,-0.12
0.006546618647458984,-0.16
0.00655062024809924,-0.16
0.006554621848739496,-0.16
0.0065586234493797526,-0.16
0.006562625050020008,-0.12
0.006566626650660264,-0.16
0.0065706282513005206,-0.16
0.006574629851940777,-0.16
0.006578631452581033,-0.16
0.0065826330532212885,-0.16
0.006586634653861545,-0.16
0.006590636254501801,-0.16
0.006594637855142057,-0.12
0.006598639455782314,-0.12
0.006602641056422569,-0.16
0.006606642657062825,-0.12
0.006610644257703082,-0.12
0.006614645858343338,-0.16
0.006618647458983593,-0.16
0.00662264905962385,-0.12
0.006626650660264106,-0.12
0.006630652260904362,-0.12
0.0066346538615446185,-0.12
0.006638655462184874,-0.12
0.00664265706282513,-0.08
0.0066466586634653865,-0.08
0.006650660264105643,-0.08
0.006654661864745899,-0.08
0.0066586634653861545,-0.12
0.006662665066026411,-0.08
0.006666666666666667,-0.08
0.006670668267306923,-0.04
0.00667466986794718,-0.04
0.006678671468587435,-0.04
0.006682673069227691,-0.04
0.006686674669867948,-0.04
0.006690676270508204,-0.04
0.006694677871148459,-0.04
0.006698679471788716,-0.04
0.006702681072428972,-0.04
0.006706682673069228,-0.04
0.0067106842737094845,0.0
0.00671468587434974,0.0
0.006718687474989996,0.04
0.0067226890756302525,0.0
0.006726690676270509,0.0
0.006730692276910765,0.0
0.0067346938775510205,0.0
0.006738695478191277,0.0
0.006742697078831533,0.0
0.006746698679471789,0.04
0.006750700280112046,0.04
0.006754701880752301,0.04
0.006758703481392557,0.08
0.006762705082032814,0.08
0.00676670668267307,0.04
0.006770708283313325,0.04
0.006774709883953582,0.08
0.006778711484593838,0.04
0.006782713085234094,0.04
0.0067867146858743505,0.08
0.006790716286514606,0.08
0.006794717887154862,0.08
0.0067987194877951185,0.08
0.006802721088435375,0.12
0.006806722689075631,0.08
0.0068107242897158865,0.08
0.006814725890356143,0.08
0.006818727490996399,0.08
0.006822729091636655,0.08
0.006826730692276911,0.04
0.006830732292917167,0.08
0.006834733893557423,0.12
0.00683873549419768,0.12
0.006842737094837936,0.12
0.006846738695478191,0.12
0.006850740296118448,0.12
0.006854741896758704,0.08
0.00685874349739896,0.08
0.0068627450980392165,0.08
0.006866746698679472,0.12
0.006870748299319728,0.08
0.0068747498999599845,0.12
0.006878751500600241,0.12
0.006882753101240497,0.12
0.0068867547018807524,0.12
0.006890756302521009,0.12
0.006894757903161265,0.12
0.006898759503801521,0.08
0.006902761104441777,0.08
0.006906762705082033,0.12
0.006910764305722289,0.08
0.006914765906362546,0.08
0.006918767507002802,0.08
0.006922769107643057,0.12
0.006926770708283314,0.12
0.00693077230892357,0.08
0.006934773909563826,0.08
0.006938775510204082,0.08
0.006942777110844338,0.08
0.006946778711484594,0.08
0.00695078031212485,0.08
0.006954781912765107,0.12
0.006958783513405362,0.12
0.006962785114045618,0.12
0.006966786714685875,0.12
0.006970788315326131,0.12
0.006974789915966387,0.08
0.006978791516606643,0.04
0.006982793117246899,0.08
0.006986794717887155,0.08
0.0069907963185274116,0.04
0.006994797919167668,0.08
0.006998799519807923,0.08
0.0070028011204481795,0.08
0.007006802721088436,0.08
0.007010804321728692,0.08
0.007014805922368948,0.04
0.007018807523009204,0.04
0.00702280912364946,0.08
0.007026810724289716,0.08
0.007030812324929973,0.04
0.007034813925570228,0.04
0.007038815526210484,0.08
0.007042817126850741,0.04
0.007046818727490997,0.08
0.007050820328131253,0.08
0.007054821928771509,0.04
0.007058823529411765,0.04
0.007062825130052021,0.08
0.0070668267306922775,0.0
0.007070828331332534,0.0
0.007074829931972789,0.04
0.0070788315326130455,0.04
0.007082833133253302,0.08
0.007086834733893558,0.04
0.0070908363345338135,0.04
0.00709483793517407,0.04
0.007098839535814326,0.0
0.007102841136454582,0.0
0.007106842737094839,0.0
0.007110844337735094,0.0
0.00711484593837535,0.0
0.007118847539015607,0.0
0.007122849139655863,0.04
0.007126850740296119,0.0
0.007130852340936375,0.0
0.007134853941576631,0.0
0.007138855542216887,0.0
0.0071428571428571435,0.0
0.0071468587434974,0.0
0.007150860344137655,0.0
0.0071548619447779115,0.0
0.007158863545418168,0.04
0.007162865146058424,0.0
0.0071668667466986795,0.04
0.007170868347338936,0.04
0.007174869947979192,0.0
0.007178871548619448,0.0
0.007182873149259705,-0.04
0.00718687474989996,-0.04
0.007190876350540216,-0.04
0.007194877951180473,-0.04
0.007198879551820729,-0.04
0.007202881152460985,0.0
0.007206882753101241,0.0
0.007210884353741497,0.0
0.007214885954381753,0.0
0.0072188875550220095,-0.04
0.007222889155662265,-0.04
0.007226890756302521,0.0
0.0072308923569427775,-0.04
0.007234893957583034,-0.04
0.00723889555822329,-0.04
0.0072428971588635455,0.0
0.007246898759503802,-0.04
0.007250900360144058,-0.04
0.007254901960784314,0.0
0.007258903561424571,-0.04
0.007262905162064826,-0.04
0.007266906762705082,0.0
0.007270908363345339,-0.04
0.007274909963985595,-0.04
0.007278911564625851,0.0
0.007282913165266107,0.0
0.007286914765906363,0.0
0.007290916366546619,0.0
0.0072949179671868754,0.0
0.007298919567827131,0.0
0.007302921168467387,-0.04
0.0073069227691076434,-0.04
0.0073109243697479,-0.08
0.007314925970388156,-0.04
0.007318927571028411,-0.04
0.007322929171668668,-0.04
0.007326930772308924,0.0
0.00733093237294918,0.0
0.007334933973589437,0.0
0.007338935574229692,0.04
0.007342937174869948,0.0
0.007346938775510205,-0.04
0.007350940376150461,-0.04
0.007354941976790717,-0.04
0.0073589435774309726,0.0
0.007362945178071229,0.0
0.007366946778711485,-0.04
0.007370948379351741,0.0
0.007374949979991997,0.0
0.007378951580632253,0.0
0.007382953181272509,0.0
0.007386954781912766,0.0
0.007390956382553022,0.0
0.007394957983193277,0.0
0.007398959583833534,-0.04
0.00740296118447379,0.0
0.007406962785114046,0.0
0.0074109643857543026,0.0
0.007414965986394558,0.0
0.007418967587034814,0.0
0.0074229691876750705,0.04
0.007426970788315327,0.0
0.007430972388955582,0.0
0.0074349739895958385,0.0
0.007438975590236095,0.0
0.007442977190876351,0.0
0.007446978791516607,0.04
0.007450980392156863,0.04
0.007454981992797119,0.04
0.007458983593437375,0.04
0.007462985194077632,0.04
0.007466986794717888,0.0
0.007470988395358143,0.0
0.0074749899959984,0.0
0.007478991596638656,0.0
0.007482993197278912,0.04
0.0074869947979191685,0.04
0.007490996398559424,0.04
0.00749499799919968,0.04
0.0074989995998399365,0.04
0.007503001200480193,0.04
0.007507002801120448,0.04
0.0075110044017607045,0.0
0.007515006002400961,0.0
0.007519007603041217,0.04
0.007523009203681473,0.04
0.007527010804321729,0.08
0.007531012404961985,0.04
0.007535014005602241,0.04
0.007539015606242498,0.08
0.007543017206882754,0.04
0.007547018807523009,0.04
0.007551020408163266,0.04
0.007555022008803522,0.0
0.007559023609443778,0.04
0.007563025210084034,0.04
0.00756702681072429,0.04
0.007571028411364546,0.04
0.0075750300120048025,0.08
0.007579031612645059,0.04
0.007583033213285314,0.08
0.0075870348139255705,0.08
0.007591036414565827,0.04
0.007595038015206083,0.04
0.007599039615846339,0.04
0.007603041216486595,0.04
0.007607042817126851,0.04
0.007611044417767107,0.04
0.007615046018407364,0.04
0.00761904761904762,0.04
0.007623049219687875,0.04
0.007627050820328132,0.08
0.007631052420968388,0.04
0.007635054021608644,0.04
0.0076390556222489,0.04
0.007643057222889156,0.0
0.007647058823529412,0.04
0.0076510604241696685,0.04
0.007655062024809925,0.04
0.00765906362545018,0.04
0.0076630652260904365,0.04
0.007667066826730693,0.04
0.007671068427370949,0.04
0.007675070028011205,0.0
0.007679071628651461,0.04
0.007683073229291717,0.04
0.007687074829931973,0.04
0.00769107643057223,0.04
0.007695078031212485,0.04
0.007699079631852741,0.04
0.007703081232492998,0.08
0.007707082833133254,0.04
0.00771108443377351,0.04
0.007715086034413766,0.04
0.007719087635054022,0.0
0.007723089235694278,0.0
0.0077270908363345344,0.0
0.007731092436974791,0.04
0.007735094037615046,0.04
0.007739095638255302,0.04
0.007743097238895559,0.04
0.007747098839535815,0.04
0.007751100440176071,0.04
0.007755102040816327,0.04
0.007759103641456583,0.04
0.007763105242096839,0.0
0.007767106842737096,0.04
0.007771108443377351,0.04
0.007775110044017607,0.04
0.0077791116446578636,0.04
0.00778311324529812,0.04
0.007787114845938376,0.0
0.0077911164465786316,0.04
0.007795118047218888,0.0
0.007799119647859144,0.0
0.0078031212484994,0.04
0.007807122849139657,0.0
0.007811124449779912,0.0
0.007815126050420168,0.0
0.007819127651060425,0.0
0.007823129251700681,0.04
0.007827130852340937,0.04
0.007831132452981194,0.04
0.00783513405362145,0.0
0.007839135654261704,0.0
0.00784313725490196,0.0
0.007847138855542217,0.0
0.007851140456182473,-0.04
0.00785514205682273,0.0
0.007859143657462986,0.04
0.007863145258103242,0.0
0.007867146858743498,0.04
0.007871148459383755,0.04
0.00787515006002401,0.0
0.007879151660664266,0.0
0.007883153261304522,0.04
0.007887154861944778,0.0
0.007891156462585034,0.0
0.00789515806322529,0.0
0.007899159663865547,0.04
0.007903161264505803,0.0
0.00790716286514606,0.04
0.007911164465786316,0.0
0.00791516606642657,0.0
0.007919167667066827,0.04
0.007923169267707083,0.0
0.00792717086834734,0.0
0.007931172468987596,0.0
0.007935174069627852,0.0
0.007939175670268108,0.0
0.007943177270908364,0.04
0.00794717887154862,0.04
0.007951180472188875,0.0
0.007955182072829131,0.0
0.007959183673469388,0.0
0.007963185274109644,0.0
0.0079671868747499,0.0
0.007971188475390157,0.0
0.007975190076030413,0.0
0.00797919167667067,0.0
0.007983193277310925,0.04
0.007987194877951182,0.0
0.007991196478591436,0.0
0.007995198079231693,0.04
0.007999199679871949,0.0
0.008003201280512205,0.0
0.008007202881152461,0.0
0.008011204481792718,0.0
0.008015206082432974,0.0
0.00801920768307323,0.0
0.008023209283713487,0.0
0.008027210884353741,0.0
0.008031212484993997,0.0
0.008035214085634254,0.0
0.00803921568627451,0.0
0.008043217286914766,0.0
0.008047218887555023,0.0
0.008051220488195279,0.0
0.008055222088835535,0.0
0.008059223689475791,0.0
0.008063225290116046,0.0
0.008067226890756302,0.0
0.008071228491396559,0.04
0.008075230092036815,0.04
0.008079231692677071,0.0
0.008083233293317327,0.04
0.008087234893957584,0.0
0.00809123649459784,-0.04
0.008095238095238096,0.04
0.008099239695878353,0.0
0.008103241296518607,0.0
0.008107242897158863,0.08
0.00811124449779912,0.0
0.008115246098439376,0.0
0.008119247699079632,0.0
0.008123249299719889,0.0
0.008127250900360145,0.0
0.008131252501000401,0.0
0.008135254101640657,0.0
0.008139255702280912,0.04
0.008143257302921168,0.04
0.008147258903561425,0.0
0.00815126050420168,0.04
0.008155262104841937,0.04
0.008159263705482193,0.0
0.00816326530612245,0.04
0.008167266906762706,0.0
0.008171268507402962,0.0
0.008175270108043219,0.04
0.008179271708683473,0.0
0.00818327330932373,0.04
0.008187274909963986,0.0
0.008191276510604242,0.04
0.008195278111244498,0.08
0.008199279711884755,0.04
0.00820328131252501,0.04
0.008207282913165267,0.04
0.008211284513805523,0.0
0.008215286114445778,0.0
0.008219287715086034,0.0
0.00822328931572629,0.04
0.008227290916366547,0.04
0.008231292517006803,0.04
0.00823529411764706,0.04
0.008239295718287316,0.04
0.008243297318927572,0.04
0.008247298919567828,0.04
0.008251300520208085,0.0
0.008255302120848339,0.0
0.008259303721488595,0.04
0.008263305322128852,0.04
0.008267306922769108,0.04
0.008271308523409364,0.04
0.00827531012404962,0.0
0.008279311724689877,0.04
0.008283313325330133,0.04
0.00828731492597039,0.04
0.008291316526610644,0.04
0.0082953181272509,0.04
0.008299319727891157,0.0
0.008303321328531413,0.04
0.008307322929171669,0.0
0.008311324529811925,0.04
0.008315326130452182,0.08
0.008319327731092438,0.04
0.008323329331732694,0.04
0.00832733093237295,0.04
0.008331332533013205,0.0
0.008335334133653461,0.04
0.008339335734293718,0.04
0.008343337334933974,0.0
0.00834733893557423,0.04
0.008351340536214487,0.04
0.008355342136854743,0.04
0.008359343737494999,0.04
0.008363345338135255,0.04
0.00836734693877551,0.04
0.008371348539415766,0.04
0.008375350140056022,0.0
0.008379351740696279,0.0
0.008383353341336535,0.0
0.008387354941976791,0.04
0.008391356542617048,0.04
0.008395358143257304,0.04
0.00839935974389756,0.04
0.008403361344537815,0.04
0.008407362945178071,0.04
0.008411364545818327,0.0
0.008415366146458584,0.0
0.00841936774709884,0.0
0.008423369347739096,0.0
0.008427370948379352,0.04
0.008431372549019609,0.0
0.008435374149659865,0.04
0.008439375750300121,0.04
0.008443377350940376,0.04
0.008447378951580632,0.04
0.008451380552220888,0.0
0.008455382152861145,0.0
0.008459383753501401,0.04
0.008463385354141657,-0.04
0.008467386954781914,0.0
0.00847138855542217,0.04
0.008475390156062426,0.0
0.00847939175670268,0.04
0.008483393357342937,0.04
0.008487394957983193,0.0
0.00849139655862345,0.04
0.008495398159263706,0.0
0.008499399759903962,0.0
0.008503401360544218,0.04
0.008507402961184475,0.0
0.008511404561824731,0.0
0.008515406162464987,0.04
0.008519407763105242,0.04
0.008523409363745498,0.04
0.008527410964385754,0.04
0.00853141256502601,0.0
0.008535414165666267,0.0
0.008539415766306523,-0.04
0.00854341736694678,0.0
0.008547418967587036,0.04
0.008551420568227292,0.0
0.008555422168867547,0.0
0.008559423769507803,0.0
0.00856342537014806,0.0
0.008567426970788316,0.04
0.008571428571428572,0.04
0.008575430172068828,-0.04
0.008579431772709084,0.0
0.00858343337334934,0.0
0.008587434973989597,0.0
0.008591436574629853,0.0
0.008595438175270108,0.0
0.008599439775910364,0.04
0.00860344137655062,0.0
0.008607442977190877,0.0
0.008611444577831133,0.0
0.00861544617847139,0.0
0.008619447779111646,0.0
0.008623449379751902,0.0
0.008627450980392158,0.0
0.008631452581032413,0.0
0.008635454181672669,0.0
0.008639455782312925,0.04
0.008643457382953182,0.0
0.008647458983593438,0.04
0.008651460584233694,0.04
0.00865546218487395,0.0
0.008659463785514207,0.0
0.008663465386154463,0.0
0.008667466986794718,0.0
0.008671468587434974,0.0
0.00867547018807523,0.04
0.008679471788715486,0.04
0.008683473389355743,0.04
0.008687474989995999,0.0
0.008691476590636255,0.0
0.008695478191276512,0.0
0.008699479791916768,0.0
0.008703481392557024,0.0
0.008707482993197279,0.0
0.008711484593837535,0.0
0.008715486194477791,0.0
0.008719487795118048,0.04
0.008723489395758304,0.0
0.00872749099639856,0.04
0.008731492597038816,0.0
0.008735494197679073,0.0
0.008739495798319329,0.0
0.008743497398959583,0.0
0.00874749899959984,0.0
0.008751500600240096,0.0
0.008755502200880352,0.0
0.008759503801520609,0.04
0.008763505402160865,0.04
0.008767507002801121,0.04
0.008771508603441378,0.04
0.008775510204081634,0.0
0.00877951180472189,0.04
0.008783513405362145,0.0
0.008787515006002401,0.0
0.008791516606642657,0.0
0.008795518207282913,0.0
0.00879951980792317,0.0
0.008803521408563426,0.04
0.008807523009203682,0.04
0.008811524609843939,0.04
0.008815526210484195,0.04
0.00881952781112445,0.0
0.008823529411764706,0.0
0.008827531012404962,0.0
0.008831532613045218,0.0
0.008835534213685475,0.0
0.008839535814325731,0.0
0.008843537414965987,0.0
0.008847539015606243,0.04
0.0088515406162465,0.04
0.008855542216886756,0.04
0.00885954381752701,0.0
0.008863545418167267,0.04
0.008867547018807523,0.04
0.00887154861944778,0.0
0.008875550220088036,0.04
0.008879551820728292,0.04
0.008883553421368548,0.04
0.008887555022008805,0.0
0.008891556622649061,0.04
0.008895558223289315,0.0
0.008899559823929572,0.0
0.008903561424569828,0.04
0.008907563025210084,0.0
0.00891156462585034,0.04
0.008915566226490597,0.0
0.008919567827130853,0.0
0.00892356942777111,0.04
0.008927571028411366,0.04
0.008931572629051622,0.04
0.008935574229691877,0.04
0.008939575830332133,0.04
0.00894357743097239,0.04
0.008947579031612645,0.0
0.008951580632252902,0.0
0.008955582232893158,0.0
0.008959583833533414,0.0
0.00896358543417367,0.0
0.008967587034813927,0.08
0.008971588635454181,0.04
0.008975590236094438,0.04
0.008979591836734694,0.04
0.00898359343737495,0.0
0.008987595038015207,0.0
0.008991596638655463,0.04
0.00899559823929572,0.04
0.008999599839935975,0.0
0.009003601440576232,0.04
0.009007603041216486,0.04
0.009011604641856743,0.04
0.009015606242496999,0.04
0.009019607843137255,0.04
0.009023609443777511,0.04
0.009027611044417768,0.04
0.009031612645058024,0.0
0.00903561424569828,0.0
0.009039615846338537,0.0
0.009043617446978793,0.04
0.009047619047619047,0.04
0.009051620648259304,0.04
0.00905562224889956,0.04
0.009059623849539816,0.04
0.009063625450180073,0.0
0.009067627050820329,0.04
0.009071628651460585,0.04
0.009075630252100841,0.0
0.009079631852741098,0.04
0.009083633453381352,0.04
0.009087635054021609,0.04
0.009091636654661865,0.04
0.009095638255302121,0.04
0.009099639855942377,0.04
0.009103641456582634,0.04
0.00910764305722289,0.04
0.009111644657863146,0.04
0.009115646258503403,0.0
0.009119647859143659,0.04
0.009123649459783913,0.0
0.00912765106042417,0.04
0.009131652661064426,0.04
0.009135654261704682,0.0
0.009139655862344939,0.04
0.009143657462985195,0.0
0.009147659063625451,0.0
0.009151660664265707,0.0
0.009155662264905964,0.0
0.009159663865546218,0.0
0.009163665466186474,0.0
0.00916766706682673,0.04
0.009171668667466987,0.04
0.009175670268107243,0.04
0.0091796718687475,0.04
0.009183673469387756,0.04
0.009187675070028012,0.04
0.009191676670668269,0.0
0.009195678271308525,0.0
0.00919967987194878,0.0
0.009203681472589036,0.0
0.009207683073229292,0.0
0.009211684673869548,0.04
0.009215686274509804,0.04
0.00921968787515006,0.04
0.009223689475790317,0.04
0.009227691076430573,0.0
0.00923169267707083,0.0
0.009235694277711084,0.0
0.00923969587835134,0.04
0.009243697478991597,0.0
0.009247699079631853,0.0
0.00925170068027211,0.04
0.009255702280912366,0.04
0.009259703881552622,0.04
0.009263705482192878,0.04
0.009267707082833134,0.04
0.009271708683473389,0.04
0.009275710284113645,0.04
0.009279711884753902,0.0
0.009283713485394158,0.0
0.009287715086034414,0.04
0.00929171668667467,0.04
0.009295718287314927,0.04
0.009299719887955183,0.04
0.00930372148859544,0.04
0.009307723089235696,0.04
0.00931172468987595,0.0
0.009315726290516206,0.0
0.009319727891156463,0.0
0.009323729491796719,0.0
0.009327731092436975,0.04
0.009331732693077232,0.0
0.009335734293717488,0.04
0.009339735894357744,0.04
0.009343737494998,0.04
0.009347739095638255,0.0
0.009351740696278511,0.0
0.009355742296918768,0.0
0.009359743897559024,0.0
0.00936374549819928,0.0
0.009367747098839536,0.04
0.009371748699479793,0.0
0.009375750300120049,0.04
0.009379751900760305,0.04
0.009383753501400562,0.0
0.009387755102040816,0.04
0.009391756702681072,0.04
0.009395758303321329,0.0
0.009399759903961585,0.0
0.009403761504601841,0.0
0.009407763105242098,0.04
0.009411764705882354,0.0
0.00941576630652261,0.0
0.009419767907162866,0.04
0.009423769507803121,0.04
0.009427771108443377,0.04
0.009431772709083634,0.04
0.00943577430972389,0.0
0.009439775910364146,0.0
0.009443777511004402,0.0
0.009447779111644659,0.0
0.009451780712284915,0.0
0.009455782312925171,0.0
0.009459783913565428,0.04
0.009463785514205682,0.04
0.009467787114845938,0.04
0.009471788715486195,0.04
0.009475790316126451,0.04
0.009479791916766707,0.04
0.009483793517406964,0.0
0.00948779511804722,0.0
0.009491796718687476,0.0
0.009495798319327732,0.04
0.009499799919967987,0.04
0.009503801520608243,0.04
0.0095078031212485,0.0
0.009511804721888756,0.04
0.009515806322529012,0.04
0.009519807923169268,0.0
0.009523809523809525,0.04
0.009527811124449781,0.0
0.009531812725090037,0.0
0.009535814325730294,0.0
0.009539815926370548,0.04
0.009543817527010804,0.04
0.00954781912765106,0.04
0.009551820728291317,0.0
0.009555822328931573,0.04
0.00955982392957183,0.0
0.009563825530212086,0.0
0.009567827130852342,0.0
0.009571828731492598,0.0
0.009575830332132853,0.0
0.00957983193277311,0.04
0.009583833533413365,0.04
0.009587835134053622,0.04
0.009591836734693878,0.04
0.009595838335334134,0.04
0.00959983993597439,0.0
0.009603841536614647,0.0
0.009607843137254903,-0.04
0.009611844737895158,0.0
0.009615846338535414,0.0
0.00961984793917567,0.0
0.009623849539815927,0.04
0.009627851140456183,0.0
0.00963185274109644,0.04
0.009635854341736695,0.04
0.009639855942376952,0.0
0.009643857543017208,0.04
0.009647859143657464,0.04
0.009651860744297719,0.0
0.009655862344937975,0.0
0.009659863945578231,0.04
0.009663865546218488,0.04
0.009667867146858744,0.04
0.009671868747499,0.0
0.009675870348139257,0.04
0.009679871948779513,0.04
0.00968387354941977,0.0
0.009687875150060024,0.0
0.00969187675070028,0.0
0.009695878351340536,0.0
0.009699879951980793,0.04
0.009703881552621049,0.04
0.009707883153261305,0.04
0.009711884753901561,0.04
0.009715886354541818,0.04
0.009719887955182074,0.0
0.00972388955582233,0.04
0.009727891156462585,0.0
0.009731892757102841,0.04
0.009735894357743097,0.0
0.009739895958383354,0.0
0.00974389755902361,0.04
0.009747899159663866,0.04
0.009751900760304123,0.04
0.009755902360944379,0.04
0.009759903961584635,0.0
0.00976390556222489,0.0
0.009767907162865146,0.0
0.009771908763505402,0.0
0.009775910364145659,0.04
0.009779911964785915,0.04
0.009783913565426171,0.04
0.009787915166066427,0.04
0.009791916766706684,0.04
0.00979591836734694,0.04
0.009799919967987196,0.04
0.00980392156862745,0.0
0.009807923169267707,0.0
0.009811924769907963,0.0
0.00981592637054822,0.0
0.009819927971188476,0.04
0.009823929571828732,0.0
0.009827931172468989,0.0
0.009831932773109245,0.04
0.009835934373749501,0.04
0.009839935974389756,0.04
0.009843937575030012,0.0
0.009847939175670268,0.0
0.009851940776310525,0.0
0.00985594237695078,0.0
0.009859943977591037,0.0
0.009863945578231293,0.04
0.00986794717887155,0.04
0.009871948779511806,0.04
0.00987595038015206,0.0
0.009879951980792317,0.04
0.009883953581432573,0.0
0.00988795518207283,0.0
0.009891956782713086,0.0
0.009895958383353342,0.0
0.009899959983993598,0.0
0.009903961584633855,0.04
0.00990796318527411,0.04
0.009911964785914367,0.04
0.009915966386554622,0.0
0.009919967987194878,0.04
0.009923969587835134,0.0
0.00992797118847539,0.0
0.009931972789115647,0.0
0.009935974389755903,0.0
0.00993997599039616,0.0
0.009943977591036416,0.0
0.009947979191676672,0.04
0.009951980792316927,0.04
0.009955982392957183,0.04
0.009959983993597439,0.04
0.009963985594237695,0.04
0.009967987194877952,0.0
0.009971988795518208,0.0
0.009975990396158464,0.0
0.00997999199679872,0.0
0.009983993597438977,0.04
0.009987995198079233,0.0
0.009991996798719488,0.04
0.009995998399359744,0.0
0.01,0.04
